1y Target Est,52 Week Range,Ask,Avg. Volume,Beta (5Y Monthly),Bid,Day's Range,EPS (TTM),Earnings Date,Ex-Dividend Date,Forward Dividend & Yield,Market Cap,Open,PE Ratio (TTM),Previous Close,Quote Price,Volume,symbol
,0.0010 - 0.0209,N/A x N/A,737.0,0.43,N/A x N/A,0.0010 - 0.0010,0.0,,,N/A (N/A),7.66M,0.001,∞,0.001,0.0010000000474974513,40000.0,CTOHF
